> Task :Main.main()
max = 0.9998834456804824
min = 0.0015614207552396842
avg = 0.5000473253364979
0.0015614207552396842
0.013138678433423756
0.015877665980394084
0.0196105026612432
0.03349715673562936
0.035721533003390205
0.06661608984833256
0.07159700545761127
0.0820725565384548
0.08495456771848386
0.08726153594308927
0.11394004809982894
0.11564900205900186
0.1336602601173683
0.14978389676177595
0.1534639751519663
0.15474093706810943
0.15774390646759417
0.17533698989531354
0.18503641710102836
0.18901745918602764
0.19378991753735664
0.2014222381241223
0.2030156934784696
0.20473907090817023
0.22672655738180336
0.24348109803735485
0.24703336252109076
0.25035081057093633
0.2559752798764142
0.29709692903750184
0.29825596156666745
0.320520617004063
0.32311718655684996
0.3324813123392052
0.33857047028115983
0.34668283166876657
0.35023768312107695
0.3541408691626111
0.3670299098622053
0.3671203207128221
0.36923135988702616
0.37734235069450006
0.3924713426872857
0.4199155413659721
0.42307121416758353
0.4246418646313659
0.426857418803976
0.4332310888287557
0.4377745284303869
0.4397485268782987
0.45687231193695554
0.4775730392354306
0.48633266868
0.4894309416241166
0.5076959854137095
0.5140437823299103
0.543879189395058
0.5453403058620142
0.573127152609641
0.5871556524688603
0.6020035459620116
0.6616919702177664
0.6960340356330545
0.6976972900121479
0.7009436102391222
0.7129062671759115
0.7269680234854644
0.7397512029670896
0.7433002042155822
0.7528629382897646
0.7572208389893526
0.7663991834426991
0.7735110598006676
0.7902076565422032
0.7904718390053962
0.8019291964768461
0.8072770644138404
0.8214812405539702
0.8245228225004311
0.8261348540283295
0.8685175821711065
0.8707004554944737
0.8758055639316996
0.8920163491908908
0.9078836792155848
0.9197465350419248
0.9374240970492439
0.9455491612692843
0.9472897918751572
0.9524005565476844
0.9547121528193533
0.9579360469340683
0.967059336498413
0.9695400596949153
0.97852401664988
0.9872256117940368
0.9934462975236588
0.9979509596534659
0.9998834456804824