> Task :MainMod.main()
max = 0.9914277828832638
min = 0.005286143504273699
avg = 0.4780175077534192
0.005286143504273699
0.02199364541930149
0.03237700306614244
0.0389660766146821
0.07273011203298518
0.08387102244203049
0.08982642673150187
0.0964481748275362
0.09701899391905688
0.136291707404659
0.15171783577089049
0.16028357328931941
0.16100963815004077
0.1775521997571735
0.1812802971859898
0.20151459713784126
0.21234695294330508
0.22113932515534374
0.22826936516856267
0.24124473688857184
0.24141632500648902
0.25293696529977794
0.2746369241649742
0.2863728182483821
0.28833992349390647
0.29227673776025487
0.3009691814529547
0.3115607613795979
0.313126457771965
0.32698940799783693
0.32912760676093566
0.3442218491836755
0.3449955656615187
0.35746485626031776
0.3586549110491706
0.3648612443503888
0.36592391577447947
0.37791862868406134
0.380119449386487
0.3891511194483821
0.39102603643766853
0.3938706485682084
0.40077478262814326
0.4056130416088781
0.41023893227597685
0.43902021770599853
0.43972057941094445
0.4424015540294475
0.4533664267583436
0.45688684400356283
0.4610868262029182
0.46198596782466816
0.4656157947205737
0.49856241209596985
0.5090051655513093
0.5230056087932738
0.5333911137451651
0.5398015572268628
0.5423090361335342
0.545783379105631
0.5502609616529717
0.5544015144933807
0.555525499722899
0.5620554954641229
0.5635031249946363
0.5693656127362885
0.5694658150662832
0.5887892188299161
0.5932329124220499
0.597796924877441
0.6005801918713938
0.6061548244188117
0.6109764690453552
0.6222164500858147
0.6302515155594361
0.6436061767355503
0.6477393296695159
0.6507732532170596
0.6517938975394485
0.6547574162074488
0.6711029427470294
0.6853370283884295
0.7389684127304735
0.7524892298659535
0.8048566219375447
0.8181205101659517
0.8269446626473287
0.844796235930225
0.8512842102315609
0.8593694126114879
0.9043987930080319
0.9104104900834215
0.92470834492861
0.9396470860144828
0.9430880324658646
0.9558589251921757
0.9718256872597429
0.9753162610142904
0.9828550992543708
0.9914277828832638